[Rgb]
camera_name = "canera_rgb"
width = 1920
height = 1080
fps = 30
device_id = "/dev/v4l/by-id/usb-e-con_Systems_See3CAM_CU20_18050204-video-index0"
fx = 875.74378335
fy = 872.60434865
cx = 919.56374701
cy = 556.63457369
k1 = 0.08366444
k2 = 0.00143503
k3 = -0.03410585
k4 = 0.06129127

